# MODIS Aqua GEOGRAPHIC METADATA TEXT FILE day 2021-01-01
# NFiles = 288, max geo IngestTime = 2021-01-02 16:44:57.368588
# GranuleID,StartDateTime,ArchiveSet,OrbitNumber,DayNightFlag,EastBoundingCoord,NorthBoundingCoord,SouthBoundingCoord,WestBoundingCoord,GRingLongitude1,GRingLongitude2,GRingLongitude3,GRingLongitude4,GRingLatitude1,GRingLatitude2,GRingLatitude3,GRingLatitude4
MYD03.A2021001.0000.061.2021001221825.hdf,2021-01-01 00:00,61,99269,N,30.9488869114432,-36.8842786678093,-58.7970163441656,-7.97037788432248,3.89449992627706,31.4588665285411,29.9495959729482,-8.14581436001695,-36.8728686017489,-40.8113768593364,-59.1364459604362,-53.2284555110438
MYD03.A2021001.0005.061.2021001222156.hdf,2021-01-01 00:05,61,99269,B,33.6828395517414,-53.2240127050196,-76.633943229548,-33.1629624157683,-7.90295813142718,30.6370848450442,33.8540620065306,-33.5093700514956,-53.2180640132522,-58.6891839593087,-76.8572986653306,-66.4972350927662
MYD03.A2021001.0010.061.2021001223130.hdf,2021-01-01 00:10,61,99269,D,180,-66.64748600133,-89.9869658845347,-180,-32.986257677881,35.3798014479937,171.101902607152,-82.9651085672763,-66.6425799350073,-76.2751331125657,-84.4011419653881,-70.0884293037995
MYD03.A2021001.0015.061.2021001222318.hdf,2021-01-01 00:15,61,99269,D,-83.005220576715,-60.5960576737411,-85.5795742629866,168.045095382034,-83.0032740548875,164.905051731692,-169.685633266963,-120.572421992084,-70.4539436208948,-84.661135825199,-67.1601760928633,-60.3208087577284
MYD03.A2021001.0020.061.2021001222037.hdf,2021-01-01 00:20,61,99269,D,-121.170993390016,-45.343291512481,-67.7423434663741,-169.848403541564,-121.169438303903,-170.418772085266,-169.383551720751,-137.405631181362,-60.6583582270281,-67.6607646415106,-49.4657238036265,-45.1622906035397
MYD03.A2021001.0025.061.2021001221741.hdf,2021-01-01 00:25,61,99269,D,-137.984369802092,-28.4981303525738,-49.9141003582221,-171.096141022368,-137.981924588695,-169.606508335261,-171.114931116597,-146.354435320077,-45.4144094805242,-49.930250265115,-31.7036937947125,-28.3890715846904
MYD03.A2021001.0030.061.2021001221935.hdf,2021-01-01 00:30,61,99269,D,-146.801347734265,-11.0176910460153,-32.0509109052848,-173.736156718746,-146.796729536333,-171.166076607557,-173.758758511915,-152.135558974698,-28.5724889957661,-32.072958333781,-13.9229281440745,-10.9620884620975
MYD03.A2021001.0035.061.2021001221829.hdf,2021-01-01 00:35,61,99269,D,-152.44100992101,6.77123927626227,-14.1422751673259,-177.257640437913,-152.435057220919,-173.737140680205,-177.265176495981,-156.363505910988,-11.0898497485067,-14.1621402612119,3.80618284723342,6.7896552433443
MYD03.A2021001.0040.061.2021001221911.hdf,2021-01-01 00:40,61,99270,D,-156.503512572397,24.6899417625545,3.723708570485,177.970809292631,-156.457903457849,-177.245519157597,177.908676357784,-159.624216325917,6.70160419923236,3.70558983050856,21.4655855671107,24.8163849519398
MYD03.A2021001.0045.061.2021001221730.hdf,2021-01-01 00:45,61,99270,D,-159.603032024657,42.6336538251372,21.407597926151,170.874401875592,-159.375812493512,177.986397966532,170.722957234238,-161.924738536187,24.6323369401705,21.3923839109369,38.6914109831062,42.8849243614885
MYD03.A2021001.0050.061.2021001221721.hdf,2021-01-01 00:50,61,99270,D,-161.883554265499,60.540773401414,38.664764187161,158.43349573833,-161.447745334185,170.908716960572,158.112586131029,-162.944089923475,42.5648698613866,38.6540492330462,54.8628629040174,60.879205995068
MYD03.A2021001.0055.061.2021001221715.hdf,2021-01-01 00:55,61,99270,B,-158.275093905773,78.5537801057397,54.9116836564549,130.621504172297,-162.143531010035,158.490258256772,130.207944959135,-158.038537243191,60.4366055965327,54.9067821477605,67.8039980670924,78.7685321983215
MYD03.A2021001.0100.061.2021001222342.hdf,2021-01-01 01:00,61,99270,N,180,89.99627126031,68.0252731489661,-180,-156.582326609909,130.785466569751,78.5459936921465,-12.0133674925306,78.1984161668593,68.0245564710758,69.8380891654909,82.6801238253753
MYD03.A2021001.0105.061.2021001221809.hdf,2021-01-01 01:05,61,99270,N,78.3809240553132,83.56516632518,59.1042458242871,-13.6408111797016,-16.2097691900227,78.3829593762136,43.7919868799209,-1.096672043716,83.046303291492,70.203029906376,58.8600798099192,65.1117080150531
MYD03.A2021001.0110.061.2021001221613.hdf,2021-01-01 01:10,61,99270,N,43.2125116396658,65.6391498018295,43.3952335680415,-1.5440254795963,-1.86117729721171,43.2139919829423,28.4649801256541,-1.54097636854002,65.5970789473395,59.1629487890204,43.2481139974773,47.3064555707258
MYD03.A2021001.0115.061.2021001221627.hdf,2021-01-01 01:15,61,99270,N,27.9753974885351,47.7359135382413,26.3389326908424,-3.54920325797499,-1.84776050341025,27.9824990031068,20.1713849070218,-3.56964240011464,47.755067400818,43.4644574140817,26.2583885541943,29.4752147104311
MYD03.A2021001.0120.061.2021001221627.hdf,2021-01-01 01:20,61,99270,N,19.8339570905061,29.8014047466275,8.74492798619304,-6.42178516511656,-3.73494112452993,19.8389773787914,14.7392230358186,-6.44358791358335,29.8298425561903,26.4084697867699,8.71237661871075,11.6672407347902
MYD03.A2021001.0125.061.2021001221619.hdf,2021-01-01 01:25,61,99270,N,14.5571395104454,11.8702356255134,-9.0836599797763,-10.1806823629973,-6.53352828875126,14.564608923797,10.7498715435887,-10.1867320239844,11.9023149350997,8.81795320675948,-9.09198470522762,-6.0385460675789
MYD03.A2021001.0130.061.2021001221626.hdf,2021-01-01 01:30,61,99270,N,10.751463175157,-5.96693907223757,-26.9890637704245,-15.2657715921019,-10.2127363836732,10.9247513186752,7.84850615254682,-15.2728868271658,-5.94161674284745,-9.03044282326073,-27.1336357905396,-23.6297707434549
MYD03.A2021001.0135.061.2021001221624.hdf,2021-01-01 01:35,61,99270,N,7.87220871879719,-23.5549241129033,-44.8676941561778,-22.9008089136649,-15.2484375654786,8.22398528828189,5.82443811829766,-22.9566928881218,-23.5400204168915,-26.9331558998146,-45.139586070286,-40.6890908873965
MYD03.A2021001.0140.061.2021001221720.hdf,2021-01-01 01:40,61,99270,N,5.86760309002666,-40.6342255567544,-62.695389901059,-36.5442952443003,-22.8631212397381,6.42301367848176,5.3743542375298,-36.7664495080793,-40.6240302036858,-44.7952316808531,-63.0320318179062,-56.5061504431963
MYD03.A2021001.0145.061.2021001222009.hdf,2021-01-01 01:45,61,99270,B,13.0988940467284,-56.5213362525441,-80.6205642291137,-67.1103282709969,-36.4659797054794,6.17087714559619,13.5949956153448,-67.4314125216771,-56.5165628337993,-62.5579398000555,-80.7241297577279,-68.5065936751043
MYD03.A2021001.0150.061.2021001222645.hdf,2021-01-01 01:50,61,99270,D,180,-68.715212638034,-89.9862095686912,-180,-66.9019890878598,15.146209893066,157.684813433682,-118.640596240626,-68.7122526204567,-80.1080327873684,-80.7189449417272,-68.8097672313286
MYD03.A2021001.0155.061.2021001222213.hdf,2021-01-01 01:55,61,99270,D,-118.896307157479,-57.4336447377332,-81.5926610974636,156.527037230075,-118.894296624911,154.519709034792,166.014545378961,-150.243206346737,-69.1856124228892,-81.1180338279342,-63.2151802701453,-57.1816913615658
MYD03.A2021001.0200.061.2021001222008.hdf,2021-01-01 02:00,61,99270,D,-150.857605919078,-41.6634753761038,-63.7547043448089,165.612683495884,-150.856200977837,165.466897791585,165.613731511389,-164.559386190971,-57.4998619185315,-63.7143098730112,-45.4993946587394,-41.5004538155169
MYD03.A2021001.0205.061.2021001221951.hdf,2021-01-01 02:05,61,99270,D,-165.112513882305,-24.6293039973566,-45.9279153753683,163.663743846906,-165.109509258294,165.442095536588,163.64221177921,-172.561760955055,-41.7352785369493,-45.9463908454134,-27.728485779617,-24.5337000463728
MYD03.A2021001.0210.061.2021001221928.hdf,2021-01-01 02:10,61,99270,D,-172.977423702074,-7.06010291231932,-28.0488216035471,160.838712584868,-172.972448905748,163.613326225444,160.817898218453,-177.906871250086,-24.7037482475311,-28.0710342047454,-9.95150474226027,-7.01437413105059
MYD03.A2021001.0215.061.2021001221852.hdf,2021-01-01 02:15,61,99270,D,-178.176608955235,10.7706777726781,-10.140602008769,157.085586574835,-178.170422003423,160.843546878598,157.07214375606,178.106741031266,-7.13218591992112,-10.1598616819626,7.77020118874372,10.8039137879377
MYD03.A2021001.0220.061.2021001221819.hdf,2021-01-01 02:20,61,99271,D,178.010086668548,28.7020820831119,7.69909869444099,151.925263461436,178.095839586267,157.099096331474,151.847101386721,175.066563891781,10.7048378933873,7.68154508119172,25.367384126996,28.8576854440127
MYD03.A2021001.0225.061.2021001221835.hdf,2021-01-01 02:25,61,99271,D,175.091915975215,46.6403720132111,25.3144376828271,144.017230872411,175.362509539336,151.943180265158,143.837639155304,172.976008041042,28.6440720583721,25.3001491329271,42.4342638584302,46.9168041327484
MYD03.A2021001.0230.061.2021001221809.hdf,2021-01-01 02:30,61,99271,D,173.018802604967,64.5464642249301,42.4191777875189,129.457458883555,173.507461000977,144.057022496125,129.086783748125,172.476187534521,46.5675883687367,42.4096956091743,58.1807492062408,64.884478675869
MYD03.A2021001.0235.061.2021001221837.hdf,2021-01-01 02:35,61,99271,B,-177.457429085375,82.5616432697553,58.2632770255322,95.7154146391985,173.384005725629,129.527949843581,95.386256877282,-176.702865364213,64.4153709593606,58.2567930324854,69.5796207817902,82.6324237298559
MYD03.A2021001.0240.061.2021001222617.hdf,2021-01-01 02:40,61,99271,N,180,89.9936475649017,68.5056041261361,-180,-175.352687882514,95.8992954302612,43.4369072274898,-30.4518556162251,82.0338479005369,69.8406480370565,68.1770142927678,78.8376199942816
MYD03.A2021001.0245.061.2021001221837.hdf,2021-01-01 02:45,61,99271,N,43.0794459498472,79.55768873138,55.8021778530622,-31.1494596120614,-32.9778564968511,43.0814615147259,14.5905279868318,-25.6557066033026,79.2639994060916,68.5449503563434,55.5823268868955,61.1393196589471
MYD03.A2021001.0250.061.2021001221711.hdf,2021-01-01 02:50,61,99271,N,14.0181324895424,61.6340037343093,39.6540152975263,-26.6243823117762,-26.2660769335885,14.0194690546184,1.50341221128955,-26.6295603376542,61.6198968171096,55.8636137363035,39.5249834746407,43.3212850116666
MYD03.A2021001.0255.061.2021001221620.hdf,2021-01-01 02:55,61,99271,N,1.05154546537735,43.7310843339772,22.4385139173424,-28.8548487571284,-26.9041978728352,1.05527897614793,-5.93836299888041,-28.8777620264713,43.7529867950236,39.7244803443207,22.3693848486087,25.4909869221827
MYD03.A2021001.0300.061.2021001221719.hdf,2021-01-01 03:00,61,99271,N,-6.24486569181283,25.7905535134372,4.77149702491872,-31.9013243060943,-29.0143706030508,-6.23931778006185,-10.9732134368685,-31.9209841897712,25.8211083512211,22.5084012829406,4.74837359539562,7.69617276223534
MYD03.A2021001.0305.061.2021001221724.hdf,2021-01-01 03:05,61,99271,N,-11.1110057792061,7.87065499883216,-13.0847778753749,-35.8959825882014,-31.9912342331847,-11.0740793054049,-14.6983344464798,-35.9022692383281,7.90157632612157,4.83996254523558,-13.1234334610122,-9.99977936592025
MYD03.A2021001.0310.061.2021001221810.hdf,2021-01-01 03:10,61,99271,N,-14.687030712233,-9.9282547506233,-30.9922229084716,-41.4028409438383,-35.9100708425594,-14.474241983788,-17.4089144368034,-41.4101699188838,-9.9058581937791,-13.0329788602336,-31.1663152123688,-27.5066292134162
MYD03.A2021001.0315.061.2021001221717.hdf,2021-01-01 03:15,61,99271,N,-17.3813385926583,-27.4319475138459,-48.8566445958094,-49.9408763332712,-41.3827606338851,-16.9879274583684,-19.1927162638547,-50.0264118205444,-27.4179556335317,-30.9336118081975,-49.153588084855,-44.3760910774595
MYD03.A2021001.0320.061.2021001221951.hdf,2021-01-01 03:20,61,99271,N,-18.9272573225024,-44.3320720845752,-66.6848478248039,-65.9786804103666,-49.8969690405055,-18.5354349087863,-18.9405176313824,-66.2484624278419,-44.3230207719757,-48.7783179745041,-67.0097111581743,-59.694283010173
MYD03.A2021001.0325.061.2021001222432.hdf,2021-01-01 03:25,61,99271,B,-1.53649363556628,-59.7392870660067,-84.6099182205535,-102.64653571129,-65.8826342248116,-18.0368698275366,0.164651125345544,-102.870284902331,-59.7357742496671,-66.5077933674072,-84.4188219148754,-69.913053049924
MYD03.A2021001.0330.061.2021001223245.hdf,2021-01-01 03:30,61,99271,D,180,-67.2249001311467,-89.986104474529,-180,-102.412423570992,0.985452787523954,137.462259780079,-152.845212085065,-70.1744830501102,-83.7753346705968,-76.8673499237444,-66.8958513372728
MYD03.A2021001.0335.061.2021001222209.hdf,2021-01-01 03:35,61,99271,D,-153.268104077546,-54.0947460640234,-77.6024590774207,136.893071834621,-153.266165598064,135.452156141571,141.449880275569,-179.09932891309,-67.2703312262782,-77.3144693772498,-59.2625751409049,-53.8650222308572
MYD03.A2021001.0340.061.2021001221744.hdf,2021-01-01 03:40,61,99271,D,-179.71215151251,-37.9243691124152,-59.7655997015709,140.546505040544,-179.710878111413,141.029223803418,140.539694441833,168.576832290161,-54.1638884047187,-59.7538167295093,-41.5283969950966,-37.7782800819011
MYD03.A2021001.0345.061.2021001221940.hdf,2021-01-01 03:45,61,99271,D,168.052071301639,-20.7330977916434,-41.935154561179,138.382322328363,168.05559738277,140.412782234747,138.358977193463,161.357267845678,-37.9964588951677,-41.9553398876993,-23.7509944357353,-20.650141121659
MYD03.A2021001.0350.061.2021001221700.hdf,2021-01-01 03:50,61,99271,D,160.974386022337,-3.08903945389406,-24.0436717234895,135.367039919186,160.979681357867,138.346475342483,135.348953706859,156.389937822894,-20.8075486750544,-24.0656357642045,-5.98318824041374,-3.05215177226526
MYD03.A2021001.0355.061.2021001222737.hdf,2021-01-01 03:55,61,99271,D,156.15545187415,14.7757136401439,-6.14128553135518,131.360308419539,156.16183734958,135.372597359675,131.332972878386,152.619169030988,-3.16102206042674,-6.16039126584767,11.7322989232059,14.8340897710157
MYD03.A2021001.0400.061.2021001222656.hdf,2021-01-01 04:00,61,99272,D,152.56898203323,32.714359365637,11.6643211604937,125.749969481647,152.694186009112,131.375109842485,125.654008492835,149.799109528849,14.71267369295,11.6473760365849,29.2443545203449,32.8986916193
MYD03.A2021001.0405.061.2021001222721.hdf,2021-01-01 04:05,61,99272,D,149.828671465092,50.6439824585664,29.1972082367811,116.880626256241,150.142573544538,125.770201164136,116.643747460575,147.945838956138,32.6549663476856,29.1838051185638,46.117121038188,50.9437950458563
MYD03.A2021001.0410.061.2021001222711.hdf,2021-01-01 04:10,61,99272,D,148.206674130174,68.5529579311078,46.1234860331982,99.5713209681652,148.540590081321,116.923637311649,99.2005043522484,148.195230901147,50.566460209474,46.1167540044531,61.3217595061348,68.8812727926489
MYD03.A2021001.0415.061.2021001222738.hdf,2021-01-01 04:15,61,99272,N,174.546143495966,86.5696915268873,61.4189870993814,59.2637937222629,149.227950538457,99.6668794933107,59.1005547220046,177.922300844906,68.3840232220303,61.4163350716068,70.6572703478978,86.1883020795716
MYD03.A2021001.0420.061.2021001223348.hdf,2021-01-01 04:20,61,99272,N,180,89.998043063335,66.2620826389,-180,177.28665799952,59.4842031737264,9.95025953774699,-52.5246644766075,85.5689613930175,70.9675455572305,65.9523628534886,74.9130000657063
MYD03.A2021001.0425.061.2021001222802.hdf,2021-01-01 04:25,61,99272,N,9.46238503893438,75.5501345260082,52.3523875481213,-52.9021074297983,-54.2419755683661,9.46427542220382,-13.8875307957718,-50.4077206927928,75.3696902534744,66.31075298196,52.156323478537,57.1612169409618
MYD03.A2021001.0430.061.2021001222641.hdf,2021-01-01 04:30,61,99272,N,-14.4389597658894,57.629605470241,35.864985017048,-51.7629612344085,-50.9042376260054,-14.4371869592652,-25.1997617771893,-51.7741575291425,57.6335989706614,52.4161821756273,35.7507816235177,39.3337350158404
MYD03.A2021001.0435.061.2021001222616.hdf,2021-01-01 04:35,61,99272,N,-25.6222616551915,39.7219733042675,18.5141423624537,-54.1872546494914,-52.0092867065527,-25.6180782054438,-31.9385001978676,-54.2110163797109,39.7464966011701,35.9358853763386,18.4576797370025,21.505357648291
MYD03.A2021001.0440.061.2021001222641.hdf,2021-01-01 04:40,61,99272,N,-32.2031807474421,21.77752667339,0.788339690700204,-57.4152262234568,-54.3244956028214,-32.1973833689714,-36.6177480518274,-57.4327902103681,21.8080022266392,18.5844162976743,0.771703962605663,3.72979035967265
MYD03.A2021001.0445.061.2021001222643.hdf,2021-01-01 04:45,61,99272,N,-36.7237690635537,3.87307759854536,-17.0892944478074,-61.6789292137946,-57.4908973383409,-36.6541907715547,-40.1062460850636,-61.6859293035662,3.90273804319417,0.852511090151101,-17.1589622025469,-13.9501763082296
MYD03.A2021001.0450.061.2021001222709.hdf,2021-01-01 04:50,61,99272,N,-40.0932331622958,-13.87887592289,-34.9951645009384,-67.6677959921801,-61.665557148015,-39.8289341511943,-42.6203691863705,-67.6749054719901,-13.8611825886531,-17.0389552929506,-35.1972987505509,-31.3606097068621
MYD03.A2021001.0455.061.2021001222701.hdf,2021-01-01 04:55,61,99272,N,-42.589493751687,-31.286202060894,-52.8428063285985,-77.3234880147628,-67.6449988800472,-42.1523380901662,-44.1215896820262,-77.4245988633867,-31.2744442259495,-34.9330201305852,-53.1637544607463,-48.0007834443013
MYD03.A2021001.0500.061.2021001223006.hdf,2021-01-01 05:00,61,99272,B,-42.8501913829549,-47.9643867491857,-70.6758500688171,-96.4091905894311,-77.2716854827286,-43.3991513642429,-42.8248706121349,-96.7208706705316,-47.956556816319,-52.7574409467594,-70.9743108532927,-62.6608749097818
MYD03.A2021001.0505.061.2021001223732.hdf,2021-01-01 05:05,61,99272,D,9.31867680940282,-62.7416887901276,-88.6000346523652,-139.375588307345,-96.2903810907409,-41.8387687386443,17.1854585576287,-139.428474971571,-62.7393258915945,-70.445675498742,-87.18584019946,-70.5809042429549
MYD03.A2021001.0510.061.2021001223902.hdf,2021-01-01 05:10,61,99272,D,180,-64.801167323149,-89.9870558193869,-180,-139.123774536394,10.6417722191476,114.880556330631,174.497946569736,-70.8941367368854,-86.6466598038574,-72.9595576068037,-64.4926890686895
MYD03.A2021001.0515.061.2021001223106.hdf,2021-01-01 05:15,61,99272,D,173.968571255919,-50.6245052824442,-73.6123538545064,114.554322505113,173.97036687209,113.475258640053,116.700499160253,152.687513549464,-64.8549359240103,-73.4293340014347,-55.304231549126,-50.4155884438897
MYD03.A2021001.0520.061.2021001222724.hdf,2021-01-01 05:20,61,99272,D,152.087066607651,-34.139391966984,-55.7783823801769,115.419602877631,152.088566568831,116.376788244123,115.407115340152,141.95165728873,-50.6955170013516,-55.7847743775429,-37.5563650212043,-34.0091208819729
MYD03.A2021001.0525.061.2021001222741.hdf,2021-01-01 05:25,61,99272,D,141.456338026244,-16.8176043686288,-37.9397592776832,113.053020120187,141.46034617534,115.310301405855,113.029451471262,135.38539857227,-34.2116970380377,-37.9612318360608,-19.77582057551,-16.7454887165982
MYD03.A2021001.0530.061.2021001222746.hdf,2021-01-01 05:30,61,99272,D,135.030436209318,0.890482738146238,-20.0397940434896,109.84629262434,135.036062613811,113.03578055118,109.831663216345,130.742656374828,-16.8920645091262,-20.0617210937653,-2.0209464083756,0.91870568090086
MYD03.A2021001.0535.061.2021001222744.hdf,2021-01-01 05:35,61,99272,D,130.548498960444,18.7818175873742,-2.14870557721604,105.561960708789,130.55507046079,109.852902493459,105.515877029835,127.174003218567,0.818488576722707,-2.16762501447703,15.6782265289772,18.8658910900986
MYD03.A2021001.0540.061.2021001222749.hdf,2021-01-01 05:40,61,99273,D,127.171063946221,36.7230477174312,15.6148840261637,99.5218486726301,127.336481096741,105.578726262083,99.3117009118299,124.577673252332,18.7205083880642,15.5990832978408,33.0887228958802,36.9343233787874
MYD03.A2021001.0545.061.2021001222718.hdf,2021-01-01 05:45,61,99273,D,124.610415922634,54.6412837896983,33.0755071714001,89.3796598800844,124.950026203304,99.543587100804,89.1910341647485,122.976949247935,36.6606747818955,33.0717272603484,49.7635362895044,54.9709682364303
MYD03.A2021001.0550.061.2021001222740.hdf,2021-01-01 05:50,61,99273,B,124.37314611388,72.5568971538091,49.7609377100229,68.5610696919366,123.669364613199,89.433825762408,68.2145843512977,124.406838163157,54.5576821028248,49.7565969775571,64.2180603230174,72.860415511276
MYD03.A2021001.0555.061.2021001223441.hdf,2021-01-01 05:55,61,99273,N,180,89.9973870098888,64.3283270742856,-180,125.598482275405,68.6814231938215,22.0253922420317,-133.039645246155,72.3347532527051,64.326331383658,70.9307148875407,87.3939631874039
MYD03.A2021001.0600.061.2021001223640.hdf,2021-01-01 06:00,61,99273,N,22.1969919470411,89.4726932550387,63.5912141248567,-144.324229758353,-145.83400864099,22.1987354995018,-22.0013817151834,-76.0463760416698,87.1977931523731,71.2840842277534,63.3089433124124,70.9598229359773
MYD03.A2021001.0605.061.2021001222951.hdf,2021-01-01 06:05,61,99273,N,-22.5539621467956,71.5470349638428,48.7955855716338,-76.291092108832,-77.2113240975177,-22.5522383126407,-41.792544594135,-75.2888925418643,71.4397391343724,63.6467827422574,48.620706931183,53.1810074287713
MYD03.A2021001.0610.061.2021001223026.hdf,2021-01-01 06:10,61,99273,N,-42.3192511284994,53.6320976079639,32.0398871467884,-76.9528826718338,-75.7067342103844,-42.3167785596153,-51.6902068522321,-76.9690475859258,53.6447876277914,48.8612697145212,31.940505883792,35.3509116702801
MYD03.A2021001.0615.061.2021001222949.hdf,2021-01-01 06:15,61,99273,N,-52.078559326473,35.7156740570346,14.5782062419453,-79.5587532167498,-77.1705606936157,-52.0739753682841,-57.8362054432158,-79.5823991287206,35.7421289612101,32.1112240530773,14.5320545577287,17.5277945364358
MYD03.A2021001.0620.061.2021001222919.hdf,2021-01-01 06:20,61,99273,N,-58.0655939483349,17.7715287690231,-3.19641710185382,-82.9876595741266,-79.6829894781686,-58.0595147890957,-62.2090794677911,-83.0000506720614,17.8026073628804,14.6487540864033,-3.20669667906332,-0.22245715573045
MYD03.A2021001.0625.061.2021001222939.hdf,2021-01-01 06:25,61,99273,N,-62.2786529791513,-0.109263542795987,-21.0828221237723,-87.5536378308116,-83.0480971777305,-62.2291450805124,-65.5275534716496,-87.5604162250695,-0.0804922191541894,-3.1281402771172,-21.1832420657054,-17.8755326102836
MYD03.A2021001.0630.061.2021001222929.hdf,2021-01-01 06:30,61,99273,N,-65.5078876417402,-17.804300802393,-38.9873537748646,-94.1289102319267,-87.5343395880307,-65.1459820912863,-67.7881952445055,-94.1458117673531,-17.7814555979169,-21.0381920581234,-39.2120059307049,-35.1636191644835
MYD03.A2021001.0635.061.2021001222955.hdf,2021-01-01 06:35,61,99273,N,-67.7575893147238,-35.0919884876521,-56.8220345984331,-105.128654523097,-94.1014459702403,-67.2651679088933,-68.9366857131914,-105.28497880349,-35.079364514078,-38.9213731240481,-57.1561537628281,-51.5204434978083
MYD03.A2021001.0640.061.2021001223518.hdf,2021-01-01 06:40,61,99273,B,-66.2145469861734,-51.5066303818393,-74.6587684701269,-128.066963498931,-105.066942906727,-68.2158438683099,-66.1113882884021,-128.407965142928,-51.4999974635397,-56.7230970214814,-74.912785636307,-65.3225150233678
MYD03.A2021001.0645.061.2021001224038.hdf,2021-01-01 06:45,61,99273,D,180,-65.4470665910109,-89.9906613753422,-180,-127.913193824637,-64.9069588223637,60.0176122218168,-176.274750860759,-65.443267943639,-74.3547659424023,-85.9667590041333,-70.4385805182933
MYD03.A2021001.0650.061.2021001224039.hdf,2021-01-01 06:50,61,99273,D,-176.193788339832,-62.015324257128,-87.467736396759,54.2331887255278,-176.188397641018,50.8864701927868,91.2289886149756,143.232993069258,-70.7907334095375,-86.0816815685775,-69.0331060061302,-61.7296934272642
MYD03.A2021001.0655.061.2021001223301.hdf,2021-01-01 06:55,61,99273,D,142.643229045147,-47.0605282842205,-69.6289960819458,91.0233827733237,142.644861187975,90.229805924876,91.8268061552897,124.978845363823,-62.0752478693488,-69.5162442617527,-51.3466894568319,-46.871217949601
MYD03.A2021001.0700.061.2021001223108.hdf,2021-01-01 07:00,61,99273,D,124.397026724058,-30.3218652251384,-51.8003529335841,90.2434746497327,124.399219199013,91.5759168537078,90.2264343350004,115.519179347517,-47.1329854849989,-51.8149552483465,-33.5878567196197,-30.2064024010169
MYD03.A2021001.0705.061.2021001223018.hdf,2021-01-01 07:05,61,99273,D,115.054443947101,-12.8874991954094,-33.9463576026642,87.6879381979139,115.059089513769,90.1575917971944,87.6648506818063,109.504117092745,-30.3941959342301,-33.9684374075355,-15.8066642638844,-12.8271833705968
MYD03.A2021001.0710.061.2021001223036.hdf,2021-01-01 07:10,61,99273,D,109.187546645417,4.87388133438009,-16.0413712217662,84.2744149078713,109.193385374258,87.6837937320802,84.2644029341744,105.156200034745,-12.961936090932,-16.061890078268,1.92931540513944,4.89539722093497
MYD03.A2021001.0715.061.2021001223201.hdf,2021-01-01 07:15,61,99274,D,104.995197721002,22.7838845233614,1.83295188691676,79.6704681207923,105.002066038848,84.2821311789452,79.611326259194,101.767808038101,4.80181848459557,1.81436418556361,19.6036890955936,22.8961682097631
MYD03.A2021001.0720.061.2021001223053.hdf,2021-01-01 07:20,61,99274,D,101.784027690304,40.7246845721212,19.5440213545279,72.9895281826301,101.99007969674,79.6896172929963,72.7766125451491,99.3675967637418,22.7233552949952,19.5260646955979,36.8927251314873,40.960184991916
MYD03.A2021001.0725.061.2021001223049.hdf,2021-01-01 07:25,61,99274,D,99.4024163687461,58.6365163775457,36.8925012483276,61.3069770117807,99.8397198742136,73.0188776508466,61.1128758941394,98.1697719905581,40.6612489987934,36.8796487580735,53.2658024458692,58.9784944762144
MYD03.A2021001.0730.061.2021001222956.hdf,2021-01-01 07:30,61,99274,B,101.410687180203,76.5569658128436,53.2692037235509,36.1592112233862,98.9270061709327,61.3731380059004,35.7428565462764,101.546515860118,58.5390452463921,53.2632607337249,66.7105166128146,76.8070721345844
MYD03.A2021001.0735.061.2021001223639.hdf,2021-01-01 07:35,61,99274,N,180,89.993590888769,66.8985964594414,-180,102.928948444964,36.3066556829289,-14.8593998436972,-117.10791589163,76.2560759436684,66.8978413522686,70.3731402577697,84.4401765923636
MYD03.A2021001.0740.061.2021001223255.hdf,2021-01-01 07:40,61,99274,N,-14.930087399537,85.4727548362576,60.6097405537469,-119.868856842865,-123.10402516805,-14.9281001434674,-52.6448778210932,-100.158284172083,84.7322695342888,70.7443737882523,60.3548128978603,67.0017695219017
MYD03.A2021001.0745.061.2021001222929.hdf,2021-01-01 07:45,61,99274,N,-53.2219880811759,67.5490947211531,45.1602567880364,-100.310115454196,-101.007411059914,-53.2204323533799,-69.2441104681231,-100.270162183411,67.4899337041243,60.670134579928,45.001997796953,49.2059750883688
MYD03.A2021001.0750.061.2021001222937.hdf,2021-01-01 07:50,61,99274,N,-69.7529353102645,49.640722448965,28.1873807816028,-102.168269582035,-100.599876628297,-69.7468378710606,-78.0085030418286,-102.188022748776,49.6578044159328,45.2266429772469,28.1027352638034,31.372567500961
MYD03.A2021001.0755.061.2021001222903.hdf,2021-01-01 07:55,61,99274,N,-78.3579494163062,31.7132591838041,10.6338653756967,-104.970815681648,-102.381385601537,-78.3529942121097,-83.6484094661738,-104.993255387063,31.7406203038371,28.2591867690649,10.5969188127278,13.5621327918536
MYD03.A2021001.0800.061.2021001222916.hdf,2021-01-01 08:00,61,99274,N,-83.8439263670399,13.7753369733244,-7.18057184148421,-108.610908316482,-105.079384489795,-83.8380042512189,-87.7520286758499,-108.618300530794,13.8066777645309,10.7049138812352,-7.18474524166378,-4.15892673966033
MYD03.A2021001.0805.061.2021001222913.hdf,2021-01-01 08:05,61,99274,N,-87.780236761273,-4.07633027536595,-25.0825560594214,-113.517845752533,-108.654312757898,-87.6256916148531,-90.7696683363659,-113.52485265671,-4.04966975424005,-7.12448878809435,-25.2127245601694,-21.7758163211793
MYD03.A2021001.0810.061.2021001222927.hdf,2021-01-01 08:10,61,99274,N,-90.7431974254221,-21.7046649518807,-42.969762461078,-120.776838905612,-113.498752438278,-90.410985925267,-92.8920544869967,-120.818566416026,-21.689419648574,-25.029167628977,-43.2286724956396,-38.918787820854
MYD03.A2021001.0815.061.2021001223022.hdf,2021-01-01 08:15,61,99274,N,-92.8560633743528,-38.8550432241296,-60.7977050899266,-133.467204247652,-120.744908159977,-92.3233930041461,-93.6046685109284,-133.667690563253,-38.8441785260082,-42.8985680583905,-61.1364371033852,-54.9291023441145
MYD03.A2021001.0820.061.2021001223436.hdf,2021-01-01 08:20,61,99274,B,-88.0926546981175,-54.937015100433,-78.6362775900313,-161.195149112184,-133.393307083511,-92.8130401707973,-87.7968298224054,-161.53327507539,-54.9317244915959,-60.675217019102,-78.8034117115528,-67.5781402207928
MYD03.A2021001.0825.061.2021001224309.hdf,2021-01-01 08:25,61,99274,D,180,-67.7540033185679,-89.9908134227952,-180,-161.00921908828,-86.5532078420556,54.9075056292513,147.764711554973,-67.7516130851433,-78.2196798264438,-82.6017333079048,-69.5364588606168
MYD03.A2021001.0830.061.2021001223746.hdf,2021-01-01 08:30,61,99274,D,147.577853024372,-58.9638011714607,-83.5772993194319,53.1400081170973,147.57985674964,50.3142051028668,66.9684812507383,113.063421402764,-69.9389687379996,-82.9341592842733,-65.09230329778,-58.7207290226529
MYD03.A2021001.0835.061.2021001223322.hdf,2021-01-01 08:35,61,99274,D,112.497545244494,-43.4216601109372,-65.6510613747113,66.8284680469125,112.499019462559,66.3246859849805,66.8623548574959,97.6700157495562,-59.0278307835103,-65.592169546663,-47.3865306608087,-43.2507757993578
MYD03.A2021001.0840.061.2021001223052.hdf,2021-01-01 08:40,61,99274,D,97.1117028947769,-26.4759894548612,-47.8257632141985,65.0257177100387,97.1144796759107,66.6691912311663,65.0052953903036,89.2480018815448,-43.4948079489342,-47.8430055177304,-29.6221332269838,-26.3742925329739
MYD03.A2021001.0845.061.2021001223059.hdf,2021-01-01 08:45,61,99274,D,88.8143340677538,-8.94581910313681,-29.9545394569022,62.2847627564092,88.819142111285,64.9598982029417,62.2630678719992,83.7012896572117,-26.5483971697475,-29.9768585485931,-11.8429625680742,-8.8957516796838
MYD03.A2021001.0850.061.2021001223109.hdf,2021-01-01 08:50,61,99274,D,83.4196708693107,8.86157724187721,-12.0474432768489,58.649695799496,83.4257767005625,62.2926538350923,58.642072106102,79.6105222054977,-9.02029858570415,-12.0667027725937,5.87596305044753,8.88298381929219
MYD03.A2021001.0855.061.2021001223138.hdf,2021-01-01 08:55,61,99275,D,79.4893972846587,26.7882275326011,5.80411304028948,53.6820007118509,79.5480708886623,58.6587783515118,53.6083440366397,76.4548756888055,8.79554689312517,5.78624223977935,23.5075090331261,26.9297428211287
MYD03.A2021001.0900.061.2021001223042.hdf,2021-01-01 09:00,61,99275,D,76.4787991958779,44.724668139533,23.4523979725515,46.1997398985847,76.7304384755414,53.7029569124688,46.0207667250434,74.2654249906217,26.7277627690481,23.4370912244745,40.6526113637068,44.9887193513091
MYD03.A2021001.0905.061.2021001223017.hdf,2021-01-01 09:05,61,99275,D,74.3014455718349,62.633057128723,40.6362264751357,32.6832835830696,74.7741082591979,46.2305501850233,32.3657596805935,73.5049627928385,44.6568667415228,40.6258715784192,56.6204577128777,62.9731150586072
MYD03.A2021001.0910.061.2021001222956.hdf,2021-01-01 09:10,61,99275,B,80.3122686862724,80.5564991183386,56.6765468069892,2.11920548892367,74.3472060986771,32.7609904735482,1.75119452243207,80.7261723832975,62.5131653535508,56.6722451342095,68.7652952591328,80.7102132693158
MYD03.A2021001.0915.061.2021001223827.hdf,2021-01-01 09:15,61,99275,N,180,89.9942251023416,69.0011250624901,-180,82.2715741525693,2.29791325906939,-50.4381511895512,-131.896525425672,80.12549730119,69.0004124406099,69.0794052245054,80.7708713949975
MYD03.A2021001.0920.061.2021001222928.hdf,2021-01-01 09:20,61,99275,N,-50.7271042923763,81.5629844715386,57.4001801805049,-132.930165044588,-134.932345334005,-50.7187949890186,-82.2541072966623,-124.574984638594,81.182723003461,69.4581999779528,57.1722731528456,63.036812587241
MYD03.A2021001.0925.061.2021001223050.hdf,2021-01-01 09:25,61,99275,N,-82.8277194051616,63.5518496658572,41.4547731288663,-125.33707999365,-125.279579554169,-82.8263164927271,-96.3429637493096,-125.338570352554,63.5244064170576,57.4639952876999,41.3138018326168,45.2305800594738
MYD03.A2021001.0930.061.2021001222933.hdf,2021-01-01 09:30,61,99275,N,-96.8201995650506,45.6460283423581,24.3156169884051,-127.46177340159,-125.629477373988,-96.8179012662793,-104.179996281452,-127.483895238637,45.667193990879,41.5225916693632,24.2351946432864,27.3962278374502
MYD03.A2021001.0935.061.2021001223054.hdf,2021-01-01 09:35,61,99275,N,-104.534168536466,27.7114835165251,6.67506901149896,-130.422619945739,-127.632337580302,-104.527011004,-109.425631353585,-130.443934864317,27.7448093304261,24.386865723022,6.65310099249069,9.59305663480257
MYD03.A2021001.0940.061.2021001223122.hdf,2021-01-01 09:40,61,99275,N,-109.546875369194,9.78172810112368,-11.1709272894005,-134.293421155718,-130.515630136527,-109.530238916284,-113.24223874239,-134.299604094921,9.81266293710821,6.74470279155603,-11.1946268447445,-8.1090998473278
MYD03.A2021001.0945.061.2021001222858.hdf,2021-01-01 09:45,61,99275,N,-113.237693904434,-8.03401378836995,-29.0771186621845,-139.59413977081,-134.320271914197,-113.044018912062,-116.045801781427,-139.601359909212,-8.00992219180525,-11.1169352862424,-29.2371844923089,-25.6551090279605
MYD03.A2021001.0950.061.2021001223018.hdf,2021-01-01 09:50,61,99275,N,-116.014843489192,-25.584225833097,-46.9501321920777,-147.673403484355,-139.572347454399,-115.63999611366,-117.939871125396,-147.745197545278,-25.5698339239616,-29.0215070669705,-47.2359295991274,-42.6245987717607
MYD03.A2021001.0955.061.2021002161925.hdf,2021-01-01 09:55,61,99275,N,-117.90295310519,-42.5712622516576,-64.7766844189047,-162.498565929077,-147.635710291946,-117.317058028748,-118.059355011439,-162.743399261618,-42.561643026617,-46.8733865485924,-65.1083287299037,-58.1943216750637
MYD03.A2021001.1000.061.2021002162352.hdf,2021-01-01 10:00,61,99275,B,-106.614265420392,-58.2282566255647,-82.6154828943687,164.060790880084,-162.408760105519,-117.187818122911,-105.729048681281,163.781817815445,-58.224253958545,-64.6205311209569,-82.6013509004387,-69.2996313302958
MYD03.A2021001.1005.061.2021002162611.hdf,2021-01-01 10:05,61,99275,D,180,-68.287598307068,-89.9883157701446,-180,164.278899206961,-104.613235455539,36.8863567471545,112.817742387939,-69.5299430895633,-81.9867360925037,-78.8106881312731,-67.9247187661698
MYD03.A2021001.1010.061.2021002162123.hdf,2021-01-01 10:10,61,99275,D,112.428127711144,-55.7102827410055,-79.5980519574017,36.1068538648607,112.430118179394,34.2603632151297,42.518016798153,83.8584284624142,-68.3275319443649,-79.2309141552434,-61.1513507732605,-55.4867810013322
MYD03.A2021001.1015.061.2021002161848.hdf,2021-01-01 10:15,61,99275,D,83.2825218439342,-39.7180724608181,-61.6718793145823,41.8274073511924,83.2838556436767,42.0286665666656,41.8241081547928,70.6809446650707,-55.7774293938113,-61.647516495755,-43.4271111654721,-39.5643793922306
MYD03.A2021001.1020.061.2021002161916.hdf,2021-01-01 10:20,61,99275,D,70.1487098972759,-22.6009243905216,-43.8454609146445,39.7651461049081,70.152018196462,41.6766852199585,39.742645924676,63.111585670341,-39.7918147544119,-43.8647891813834,-25.6544835135848,-22.5122213479018
MYD03.A2021001.1025.061.2021002161906.hdf,2021-01-01 10:25,61,99275,D,62.7098371682667,-4.98947286450258,-25.9596456389494,36.8452849519033,62.7149819043018,39.7245112353054,36.8249019371193,57.9677396684958,-22.6733151565017,-25.9815554901477,-7.88076144455649,-4.94858811022973
MYD03.A2021001.1030.061.2021002161853.hdf,2021-01-01 10:30,61,99275,D,57.7207004134878,12.8558677846872,-8.05453157515307,32.9704084165733,57.7270089038433,36.8532627336499,32.9463970559461,54.1017381898548,-5.0640024951686,-8.07314118059908,9.83655569258004,12.9024489413378
MYD03.A2021001.1035.061.2021002161835.hdf,2021-01-01 10:35,61,99276,D,54.0252273969255,30.7903545408843,9.76824621401434,27.578515229189,54.0960531923322,32.9804764266271,27.4939194715126,51.1324733991191,12.7904076882126,9.75170694028602,27.3923041653132,30.9626575948768
MYD03.A2021001.1040.061.2021002161853.hdf,2021-01-01 10:40,61,99276,D,51.1490268490094,48.7234293106543,27.3413044045865,19.1902482356236,51.4959015944924,27.6032257496901,18.9915846455951,49.2075273255123,30.7330544095466,27.3233277298501,44.3614268272974,49.008539680779
MYD03.A2021001.1045.061.2021002161834.hdf,2021-01-01 10:45,61,99276,D,49.2450548754452,66.6337895967723,44.356162231098,3.26668272225151,49.7627116748714,19.2293207445738,2.9070145632585,49.0541822007087,48.6511014285454,44.3466838007449,59.8411176599031,66.9685232031589
MYD03.A2021001.1050.061.2021002162016.hdf,2021-01-01 10:50,61,99276,B,64.6687141358204,84.5593670754236,59.9266909418991,-33.5335230072902,50.0117687645424,3.36123126878317,-33.8336721857103,66.1433447755237,66.4821349565933,59.9231096519711,70.2051576945976,84.4748301539708
MYD03.A2021001.1055.061.2021002162517.hdf,2021-01-01 10:55,61,99276,N,180,89.9960138755031,67.4555137510614,-180,67.4106438590116,-33.3267494164219,-84.8228684430534,-152.654640780759,83.8436229020424,70.550485779842,67.1742780581498,76.8743559414988
MYD03.A2021001.1100.061.2021002161924.hdf,2021-01-01 11:00,61,99276,N,-85.1845190595929,77.5594296522219,54.0264519227099,-153.170375688307,-154.577912589352,-85.1822163431371,-111.059721817305,-149.256684898443,77.333472712971,67.4998777868899,53.8183932097329,59.0626273967652
MYD03.A2021001.1105.061.2021002161835.hdf,2021-01-01 11:05,61,99276,N,-111.632113064967,59.5511947763672,37.6885907398768,-150.444926804272,-149.811208666849,-111.630390826624,-123.178814687801,-150.453481498335,59.5488256763037,54.0927073829572,37.5706656132403,41.2457191269952
MYD03.A2021001.1110.061.2021002161826.hdf,2021-01-01 11:10,61,99276,N,-123.599183557371,41.6426361750831,20.3965446192045,-152.77226573085,-150.7006320287,-123.595146793555,-130.222118812214,-152.795742127837,41.6657517432749,37.7568625580825,20.3348038939177,23.4141934116272
MYD03.A2021001.1115.061.2021002161837.hdf,2021-01-01 11:15,61,99276,N,-130.507836849654,23.7027443019627,2.69991929491541,-155.91745247559,-152.925184816586,-130.502227118437,-135.066862641252,-155.935514301426,23.7330831122434,20.468726830131,2.6796161882387,5.63196071959147
MYD03.A2021001.1120.061.2021002161812.hdf,2021-01-01 11:20,61,99276,N,-135.188453561823,5.78686536945055,-15.1707635520697,-160.045568007329,-155.9970514669,-135.130200170938,-138.662243221375,-160.052003171509,5.81726600016174,2.76354243326057,-15.2252835486632,-12.0601252876456
MYD03.A2021001.1125.061.2021002161837.hdf,2021-01-01 11:25,61,99276,N,-138.652955565948,-11.98513190511,-33.0763425143515,-165.802372150807,-160.05378909399,-138.418854579387,-141.279738604033,-165.809807952979,-11.9643333091341,-15.1177823588006,-33.2656651577933,-29.5140255419493
MYD03.A2021001.1130.061.2021002161840.hdf,2021-01-01 11:30,61,99276,N,-141.245396584873,-29.4434062242846,-50.9334871100227,-174.883369024067,-165.777618945453,-140.827785192975,-142.914542875122,-174.985211535551,-29.4300292652205,-33.0175934289719,-51.2429999555809,-46.2730882433634
MYD03.A2021001.1135.061.2021002162033.hdf,2021-01-01 11:35,61,99276,B,-142.184529588573,-46.2314120780023,-68.7624805291562,167.580029752316,-174.838309252671,-142.230325536571,-142.181141333531,167.289015187354,-46.2229953255172,-50.8505744652323,-69.0756757723448,-61.2697297124547
MYD03.A2021001.1140.061.2021002162409.hdf,2021-01-01 11:40,61,99276,D,-113.473955398879,-61.3365050236501,-86.6005692084342,127.892056394845,167.688795411063,-141.237114991177,-109.861534855476,127.719739264289,-61.3337354045711,-68.5611722738611,-86.0438391039299,-70.3471478223043
MYD03.A2021001.1145.061.2021002162910.hdf,2021-01-01 11:45,61,99276,D,180,-66.0696439108416,-89.9861458113613,-180,128.12995465752,-111.004907883559,15.1473408284726,79.3210882299718,-70.6884814497946,-85.4127221434385,-74.9199572751949,-65.7942136051891
MYD03.A2021001.1150.061.2021002162302.hdf,2021-01-01 11:50,61,99276,D,78.9234308285546,-52.3019744774453,-75.6129360127326,14.7186176943586,78.9253034102995,13.4230374443676,17.8518733751077,55.4090415486133,-66.1195821227327,-75.3817884518139,-57.2022697321757,-52.0836730931621
MYD03.A2021001.1155.061.2021002162100.hdf,2021-01-01 11:55,61,99276,D,54.7956876804567,-35.957731048659,-57.688778036393,16.7334853114516,54.7969002127729,17.4771215616824,16.7234996379855,43.950873084946,-52.3712943333589,-57.6877106283854,-39.4602261006862,-35.8201867047366
MYD03.A2021001.1200.061.2021002162031.hdf,2021-01-01 12:00,61,99276,D,43.4469137380453,-18.6979188314368,-39.8559734850853,14.4684391747182,43.450705665183,16.6190691325481,14.4440644441343,37.0909460659756,-36.031880160771,-39.8766311459066,-21.6822368089855,-18.6211174513774
MYD03.A2021001.1205.061.2021002162026.hdf,2021-01-01 12:05,61,99276,D,36.7208171150741,-1.02069258457089,-21.9589849507035,11.3474343187663,36.7262627409106,14.4347942210716,11.3310398750359,32.2962205373228,-18.7701715821118,-21.980649577893,-3.92037700833246,-0.984855137508541
MYD03.A2021001.1210.061.2021002162022.hdf,2021-01-01 12:10,61,99276,D,32.0617521017366,16.8580324095329,-4.06258639622421,7.20942626444401,32.0682509064678,11.3586435644446,7.16795216549652,28.6110970375941,-1.09483724406351,-4.08353808759917,13.7872498328905,16.926458731835
MYD03.A2021001.1215.061.2021002162052.hdf,2021-01-01 12:15,61,99277,D,28.5946823933168,34.8028307577355,13.7230399735797,1.33757276744628,28.7489304895634,7.22147031079188,1.22662319493841,25.9235465480048,16.7995525720993,13.706316919518,31.2512831323143,35.0012118357781
MYD03.A2021001.1220.061.2021002162103.hdf,2021-01-01 12:20,61,99277,D,25.9588663428451,52.7227411615194,31.2090609535178,-8.1608006763176,26.2920402698298,1.36385028691996,-8.37755681787671,24.2084937415366,34.7395266955363,31.1973078442726,48.0092187398829,53.0361996766401
MYD03.A2021001.1225.061.2021002162023.hdf,2021-01-01 12:25,61,99277,B,24.9716696243248,70.6389481000058,48.0116857295846,-27.1588211650721,24.8348540151791,-8.11550557484666,-27.565149587416,24.9790570410698,52.6454483701621,48.0036590465643,62.8424692257784,70.9541220526205
MYD03.A2021001.1230.061.2021002162500.hdf,2021-01-01 12:30,61,99277,N,74.8973917916973,88.5659149797407,62.9689502771644,-70.5607347549301,26.0793590685903,-27.042598377492,-70.620896647778,82.8887978981404,70.4429911435703,62.9665116369361,70.8981927850102,87.4156250972908
MYD03.A2021001.1235.061.2021002162425.hdf,2021-01-01 12:35,61,99277,N,180,89.9924120360824,64.9778511913777,-180,76.8549416417112,-70.3332121922659,-117.439567223866,-175.507086095053,86.851030066392,71.2317008769019,64.679000116215,72.9402693041934
MYD03.A2021001.1240.061.2021002161810.hdf,2021-01-01 12:40,61,99277,N,-117.971830423363,73.5537105969142,50.5104745888676,-175.803555273486,-176.84641505076,-117.970021398672,-139.217386331502,-174.077783958499,73.4159011970458,65.030215040506,50.3278526635561,55.0841494430425
MYD03.A2021001.1245.061.2021002161903.hdf,2021-01-01 12:45,61,99277,N,-139.754198768455,55.5494209327229,33.8779456475145,-175.606790511115,-174.533926036517,-139.752164938476,-149.752908194364,-175.620462066944,55.5594104165319,50.578142982925,33.7711867053419,37.2603869782176
MYD03.A2021001.1250.061.2021002161806.hdf,2021-01-01 12:50,61,99277,N,-150.155167981105,37.6336466431443,16.4644895138169,-178.122802046402,-175.832291211292,-150.150725228017,-156.168481975359,-178.146616528348,37.6590598830555,33.9467235262172,16.4134219701104,19.4311275580616
MYD03.A2021001.1255.061.2021002161809.hdf,2021-01-01 12:55,61,99277,N,-156.419438917721,19.6917769801879,-1.28688507398155,178.539450168879,-178.258584208306,-156.413541243903,-160.68867270317,178.524977666757,19.7228463032736,16.536930982996,-1.30005455088163,1.67071370494142
MYD03.A2021001.1300.061.2021002161805.hdf,2021-01-01 13:00,61,99277,N,-160.771255344712,1.79519899993349,-19.1755540580578,174.126056297535,178.475655072696,-160.673442059403,-164.041391522379,174.119377160232,1.82440207341942,-1.22803561348964,-19.2609001925892,-15.9997255661631
MYD03.A2021001.1305.061.2021002161804.hdf,2021-01-01 13:05,61,99277,N,-164.026688101625,-15.9246967105288,-37.0767031907875,167.834064470735,174.137180624452,-163.752310625339,-166.468896740661,167.826424550969,-15.9080168171429,-19.1225873564283,-37.2947667158051,-33.3457666401338
MYD03.A2021001.1310.061.2021002161754.hdf,2021-01-01 13:10,61,99277,N,-166.430978023995,-33.275478813974,-54.9180199100124,157.522716388953,167.862189812746,-165.967960825996,-167.791596670909,157.386094905936,-33.2630733006363,-37.0140349610571,-55.2470609973754,-49.8475146227039
MYD03.A2021001.1315.061.2021002161927.hdf,2021-01-01 13:15,61,99277,B,-165.801551609097,-49.8204381564716,-72.7526123052467,136.536150721756,157.576282404832,-167.040197211228,-165.741969397835,136.206513114824,-49.8132507796389,-54.8248937749407,-73.0288283859422,-64.0890759398995
MYD03.A2021001.1320.061.2021002162441.hdf,2021-01-01 13:20,61,99277,D,180,-64.1965152570174,-89.9862896705247,-180,136.668718274211,-164.698087633941,-65.9181604854881,90.8912643564246,-64.1948764402954,-72.4879959301857,-87.1363275657405,-70.6134267049269
MYD03.A2021001.1325.061.2021002162902.hdf,2021-01-01 13:25,61,99277,D,91.0755843300552,-63.447949371904,-89.4608174201217,-76.4936111673843,91.0773015823752,-77.9132320308498,-8.25298122337932,47.3760363491256,-71.0040321767918,-86.8916159363305,-70.9881276468258,-63.1923903123835
MYD03.A2021001.1330.061.2021002162104.hdf,2021-01-01 13:30,61,99277,D,46.9059228185179,-48.7762603515693,-71.6236335805492,-8.51951890305592,46.9076361282445,-9.28530176082647,-6.9616062162006,27.4735692173002,-63.50496225153,-71.48490790043,-53.2353242142937,-48.5780195456569
MYD03.A2021001.1335.061.2021002161953.hdf,2021-01-01 13:35,61,99277,D,26.8761853737752,-32.1511862164312,-53.7029993516231,-8.41645790490923,26.8780482912366,-7.25240889699539,-8.43132746676642,17.4307773136323,-48.8468149173935,-53.7150633474982,-35.486631197473,-32.0286730851228
MYD03.A2021001.1340.061.2021002162013.hdf,2021-01-01 13:40,61,99277,D,16.9557099961436,-14.7704073981777,-35.8582074318797,-10.8796015244411,16.9599390585025,-8.50883204999958,-10.9030664164632,11.1665631734877,-32.2255286986634,-35.8799481073249,-17.7065013330187,-14.7048607758803
MYD03.A2021001.1345.061.2021002161944.hdf,2021-01-01 13:45,61,99277,D,10.8295420288272,2.96912793949352,-17.9541349829259,-14.1961323782742,10.8352704685315,-10.89258895767,-14.2083892048185,6.67907403300735,-14.842592340708,-17.9750541310865,0.040815101519769,2.9940411590405
MYD03.A2021001.1350.061.2021002161957.hdf,2021-01-01 13:50,61,99278,D,6.5035447853663,20.8681855321726,-0.0710931149795598,-18.6430893879975,6.51020388413362,-14.1851341246618,-18.6918327316286,3.20651231995315,2.89460418717056,-0.0896498637715416,17.7276238460741,20.9669550046411
MYD03.A2021001.1355.061.2021002161949.hdf,2021-01-01 13:55,61,99278,D,3.21056470003651,38.8142905413347,17.6656216254552,-25.0917587065017,3.40921380643745,-18.6290868245679,-25.2221155871727,0.721078030931969,20.8111952193626,17.6484925244676,35.0785018134621,39.0392261134571
MYD03.A2021001.1400.061.2021002162018.hdf,2021-01-01 14:00,61,99278,D,0.759338022815931,56.7248895754556,35.0434935565823,-35.9366423740784,1.14333941194281,-25.0613934334618,-36.2046937265535,-0.678428317079006,38.7485837576946,35.0317478960746,51.5676154207256,57.0554132290752
MYD03.A2021001.1405.061.2021002161927.hdf,2021-01-01 14:05,61,99278,B,1.50944319363919,74.6477352143295,51.592642873143,-58.8699614388954,0.0221970009182565,-35.883248074457,-59.2936336897826,1.58439698618975,56.6382511506828,51.5860811046339,65.5500222296883,74.9267826374132
MYD03.A2021001.1410.061.2021002162437.hdf,2021-01-01 14:10,61,99278,N,180,89.9963027744249,65.7193033008643,-180,2.84913775712811,-58.7287032604857,-107.749632249332,131.498429333806,74.3882211485179,65.7180439195175,70.7541435193311,86.1489933356325
MYD03.A2021001.1415.061.2021002162002.hdf,2021-01-01 14:15,61,99278,N,-107.700904884923,87.4717674481732,62.1472140826154,125.891905767841,122.055270625572,-107.699015273606,-148.719684358555,160.712464430744,86.2803839799032,71.1203040685831,61.863988718478,68.9795356776548
MYD03.A2021001.1420.061.2021002161908.hdf,2021-01-01 14:20,61,99278,N,-149.328101061443,69.5449417457025,46.9012812198338,160.526449512299,159.713647429851,-149.300778240001,-166.887362550466,160.985531320246,69.4666120218003,62.1952010883259,46.7404783763088,51.0976226590902
MYD03.A2021001.1425.061.2021002161855.hdf,2021-01-01 14:25,61,99278,N,-167.391440250762,51.5474614972389,30.0284512439702,159.183931552634,160.606183920981,-167.388760467441,-176.152533839379,159.165826135214,51.5629316823774,46.9703002390468,29.9360433653294,33.2707623508986
MYD03.A2021001.1430.061.2021002161921.hdf,2021-01-01 14:30,61,99278,N,-176.520300557341,33.6202632628913,12.5136649785183,156.486638916848,158.983484798929,-176.515455207465,177.975513264151,156.463423946771,33.647530888996,30.0977051441317,12.4725737306631,15.4489437383432
MYD03.A2021001.1435.061.2021002161900.hdf,2021-01-01 14:35,61,99278,N,177.760441536365,15.6806039975795,-5.28234469380965,152.943392344401,156.366317099881,177.766602118026,173.742829511181,152.93347136562,15.7119893723342,12.586390775085,-5.28929459876399,-2.2840709466728
MYD03.A2021001.1440.061.2021002161901.hdf,2021-01-01 14:40,61,99278,N,173.699335207539,-2.19025695200374,-23.1827753471893,148.205847201027,152.894170913777,173.836597053339,170.621216525288,148.198931359695,-2.16256906795239,-5.22704777202847,-23.2988214389298,-19.9230179043618
MYD03.A2021001.1445.061.2021002161925.hdf,2021-01-01 14:45,61,99278,N,170.640821832691,-19.8481334425565,-41.0752628795024,141.284636912502,148.220875602252,170.955972554686,168.393266483149,141.253377307295,-19.8324499402978,-23.1288775603594,-41.3209848881615,-37.135316563135
MYD03.A2021001.1450.061.2021002161936.hdf,2021-01-01 14:50,61,99278,N,168.434133051737,-37.0720654549656,-58.9061402818942,129.443200391626,141.31648300471,168.946039359569,167.462958854699,129.269630570967,-37.0609495696507,-41.0079109969216,-59.2450106072751,-53.3247436258543
MYD03.A2021001.1455.061.2021002162302.hdf,2021-01-01 14:55,61,99278,B,171.570569470935,-53.3152916297352,-76.7431942272139,104.15665013341,129.507989614551,168.288119549279,171.755844451946,103.771064981989,-53.3093535118598,-58.7932898370013,-76.9516929471416,-66.5566388090935
MYD03.A2021001.1500.061.2021002162928.hdf,2021-01-01 15:00,61,99278,D,180,-66.7350195872287,-89.9862869499025,-180,104.314983101246,172.989960759947,-50.8674457972521,54.2092598266069,-66.7343107170319,-76.3778161910183,-84.2965340369549,-70.0904610109019
MYD03.A2021001.1505.061.2021002162535.hdf,2021-01-01 15:05,61,99278,D,54.1497426948489,-60.5095493767473,-85.4710707651165,-53.8578752767601,54.1516981006912,-56.9590266637792,-32.1514286442627,16.7100250361856,-70.4801658551766,-84.5791007182987,-67.0481073969785,-60.272117067538
MYD03.A2021001.1510.061.2021002162154.hdf,2021-01-01 15:10,61,99278,D,16.195584754098,-45.1619699187246,-67.6336356056648,-32.3241114134257,16.1971353637254,-32.9055117702957,-31.8882900166947,-0.016270231591883,-60.571717270376,-67.552694714489,-49.2706319348166,-44.9822687358454
MYD03.A2021001.1515.061.2021002161958.hdf,2021-01-01 15:15,61,99278,D,-0.592491712417316,-28.3093710203919,-49.7189918706343,-33.6158941091149,-0.589989021536173,-32.1126522049094,-33.6348498962524,-8.91382030749979,-45.2332203860238,-49.7352896671763,-31.5112305527983,-28.2010647526963
MYD03.A2021001.1520.061.2021002161916.hdf,2021-01-01 15:20,61,99278,D,-9.35860949156249,-10.8258631940021,-31.8573476295399,-36.2651101819403,-9.35398517250924,-33.6855525455616,-36.2876193840395,-14.6723897176382,-28.3837807828525,-31.8795666569368,-13.7320392579995,-10.7707546360981
MYD03.A2021001.1525.061.2021002161856.hdf,2021-01-01 15:25,61,99278,D,-14.9756942912332,6.96302643925963,-13.949934690038,-39.7959686178824,-14.9697136965275,-36.2641293535363,-39.803226257551,-18.8875070501882,-10.8980669119827,-13.9697388799562,3.99402249906963,6.98117877473988
MYD03.A2021001.1530.061.2021002161915.hdf,2021-01-01 15:30,61,99279,D,-19.0263271277416,24.8809685560803,3.9130575795315,-44.5835553063135,-18.9803516042159,-39.7833186947543,-44.6477271594657,-22.1398835856033,6.89327223331136,3.89487255683773,21.6502126837639,25.0086962805338
MYD03.A2021001.1535.061.2021002161831.hdf,2021-01-01 15:35,61,99279,D,-22.1182794547832,42.8235695112111,21.5926399567125,-51.7135616960664,-21.8910770802359,-44.5681735881848,-51.8689796047997,-24.4326146403482,24.8232182618937,21.5773578811467,38.8680560344157,43.0759632868061
MYD03.A2021001.1540.061.2021002161819.hdf,2021-01-01 15:40,61,99279,D,-24.3917514595928,60.7296053256735,38.8427332064806,-64.2435587798724,-23.9558799583805,-51.6786750080514,-64.5672705071521,-25.434347488248,42.7545365684165,38.8319688844063,55.0216896937744,61.0686415323177
MYD03.A2021001.1545.061.2021002161905.hdf,2021-01-01 15:45,61,99279,B,-20.6946705436187,78.6563967133725,55.074344432411,-92.118967899056,-24.6481374024448,-64.1798760205102,-92.5162880391689,-20.4525421481155,60.6248638268058,55.0697377798041,67.8588738411211,78.8672074208964
MYD03.A2021001.1550.061.2021002162157.hdf,2021-01-01 15:50,61,99279,N,180,89.9965421421826,68.0742269308957,-180,-18.9823159202786,-91.9481308128059,-144.218830155781,125.745291992748,78.2964293017479,68.0721488900373,69.7984717985761,82.5868824906978
MYD03.A2021001.1555.061.2021002162036.hdf,2021-01-01 15:55,61,99279,N,-144.400620088426,83.4623596000712,59.0206512118454,124.194187907815,121.797654748489,-144.398583228351,-178.826358107409,136.476404796349,82.9609505107008,70.1699310846514,58.7778821909819,65.0100775719572
MYD03.A2021001.1600.061.2021002162043.hdf,2021-01-01 16:00,61,99279,N,-179.408925130999,65.5370541112149,43.3003901841418,135.96629405575,135.676017982273,-179.407448349084,165.908431614784,135.969373665615,65.4944481973548,59.0828927000091,43.1536140702732,47.2056339020703
MYD03.A2021001.1605.061.2021002162043.hdf,2021-01-01 16:05,61,99279,N,165.425554591829,47.6298191046221,26.1501857892122,133.927961834991,135.638746460364,165.428852517409,157.610045099447,133.906932270302,47.6483136143208,43.3675531083505,26.070208233752,29.2807167802179
MYD03.A2021001.1610.061.2021002162208.hdf,2021-01-01 16:10,61,99279,N,157.273668747512,29.6066818493024,8.55050363822569,131.052797320905,133.749680744721,157.278864944994,152.198098155312,131.031024029638,29.6354496077889,26.2198349661194,8.51846324572894,11.4715924567747
MYD03.A2021001.1615.061.2021002162116.hdf,2021-01-01 16:15,61,99279,N,152.019115411644,11.6740088033666,-9.27887069470589,127.287747915583,130.947437997937,152.025495137321,148.220285646508,127.28170625507,11.7054057787863,8.62354761430914,-9.29134627447845,-6.23590733428573
MYD03.A2021001.1620.061.2021002162028.hdf,2021-01-01 16:20,61,99279,N,148.195287405999,-6.16443670683542,-27.1876009469015,122.189973351839,127.262890915859,148.391325224964,145.321470003486,122.18244515514,-6.13793279917305,-9.2281253090864,-27.3316659761584,-23.826063368488
MYD03.A2021001.1625.061.2021002162013.hdf,2021-01-01 16:25,61,99279,N,145.344916272016,-23.7514019184374,-45.0677353461723,114.503284262567,122.206817267554,145.707919329047,143.316891815541,114.457435830188,-23.7368354120911,-27.1323592926718,-45.3415638052145,-40.8799991390863
MYD03.A2021001.1630.061.2021002162122.hdf,2021-01-01 16:30,61,99279,N,143.359857407729,-40.8221989499301,-62.8948237796757,100.752164972427,114.541025559486,143.920769536762,142.899573553989,100.529482941615,-40.8119648733253,-44.9949350238034,-63.2311038431995,-56.6716237715552
MYD03.A2021001.1635.061.2021002162313.hdf,2021-01-01 16:35,61,99279,B,150.91059007353,-56.687470943092,-80.7327586965365,70.1172589791504,100.831057236823,143.734641520863,151.425490525911,69.8015785615046,-56.6828546956054,-62.7545982123008,-80.8223331082603,-68.5560325331826
MYD03.A2021001.1640.061.2021002162857.hdf,2021-01-01 16:40,61,99279,D,180,-68.7666730805622,-89.9879666213011,-180,70.3166467032364,153.061221997981,-64.8465050612929,18.5794677502213,-68.7651265016197,-80.2035756522893,-80.5987734360148,-68.7648897714349
MYD03.A2021001.1645.061.2021002162353.hdf,2021-01-01 16:45,61,99279,D,18.3338326670697,-57.3411792287709,-81.4819714109751,-65.9570161787137,18.3358415652949,-67.7528160093057,-56.4680395524547,-12.8470554730103,-69.1361809574949,-81.0176594955835,-63.103658473901,-57.0905999267449
MYD03.A2021001.1650.061.2021002162128.hdf,2021-01-01 16:50,61,99279,D,-13.4673778467283,-41.5589515934806,-63.6441593992865,-56.8958024848594,-13.4659768909829,-57.0279281956789,-56.8949255279577,-27.1074327037914,-57.406892084957,-63.6039318904889,-45.3905359127121,-41.3969019247007
MYD03.A2021001.1655.061.2021002162111.hdf,2021-01-01 16:55,61,99279,D,-27.6526356299513,-24.4382761085306,-45.8194661317135,-58.8591390357476,-27.649575867558,-57.0701064397535,-58.8808169483506,-35.111054429849,-41.6325323146289,-45.8379477868846,-27.5326802507952,-24.3428619688531
MYD03.A2021001.1700.061.2021002162119.hdf,2021-01-01 17:00,61,99279,D,-35.5270901931793,-6.86852248137259,-27.8539702210292,-61.6901947035634,-35.5221127652509,-58.9057763307132,-61.7103440472222,-40.4386265637817,-24.512810177186,-27.8759027981263,-9.75962005670892,-6.82171878548184
MYD03.A2021001.1705.061.2021002162241.hdf,2021-01-01 17:05,61,99279,D,-40.7147466928259,10.9629684450438,-9.94706520914082,-65.4559084730423,-40.7119061145593,-61.6857606647019,-65.4690382546152,-44.4250638697961,-6.9408823706442,-9.96687678426184,7.9593232077468,10.995363468529
MYD03.A2021001.1710.061.2021002162223.hdf,2021-01-01 17:10,61,99280,D,-44.5084255178411,28.8930521350277,7.88805209578606,-70.6370548474015,-44.4229771451696,-65.4427015918008,-70.7157180208714,-47.4450143045836,10.8969695780178,7.87055355088722,25.5510812255209,29.0504663181475
MYD03.A2021001.1715.061.2021002162233.hdf,2021-01-01 17:15,61,99280,D,-47.4190918833182,46.8293053590065,25.4981858859178,-78.5756303228713,-47.1487469353268,-70.6192443082517,-78.7691222227269,-49.5255193975621,28.8349085081926,25.4837882315592,42.6070689808358,47.1066370936793
MYD03.A2021001.1720.061.2021002162124.hdf,2021-01-01 17:20,61,99280,D,-49.4830428856437,64.7346917072068,42.5967228899637,-93.2797264835241,-49.0029146254757,-78.5353219856638,-93.6198040109149,-50.0115698610716,46.7560941916561,42.5878367699593,58.3357922867877,65.0741932652955
MYD03.A2021001.1725.061.2021002162243.hdf,2021-01-01 17:25,61,99280,B,-39.7514794960523,82.6624634936899,58.4055060152494,-127.068267639179,-49.1101815123107,-93.1999121904708,-127.391206537246,-38.980816908202,64.6027973475177,58.4008738495457,69.6041064302452,82.7241593641775
MYD03.A2021001.1730.061.2021002162529.hdf,2021-01-01 17:30,61,99280,N,180,89.994023008039,68.4670229985627,-180,-37.3720673135687,-126.86522575386,-179.286915825057,106.971221926157,82.1143692302228,69.8755441833553,68.1265246713842,78.7352369189496
MYD03.A2021001.1735.061.2021002162026.hdf,2021-01-01 17:35,61,99280,N,-179.665738343422,79.4566514003116,55.7160454463841,106.299281462105,104.694676277002,-179.663725030598,151.986197496161,111.873539131195,79.1726795573124,68.5020962012299,55.5021432446723,61.0353636883854
MYD03.A2021001.1740.061.2021002162054.hdf,2021-01-01 17:40,61,99280,N,151.42327811416,61.5352522054259,39.5617782748437,110.90239883268,111.286301783836,151.424611500019,138.958008772158,110.895330882364,61.5218127279003,55.7812386843612,39.4321214847177,43.2227601764985
MYD03.A2021001.1745.061.2021002162021.hdf,2021-01-01 17:45,61,99280,N,138.507310311744,43.6276678464171,22.25268982248,108.645034080414,110.605857491501,138.511117563218,131.508005731613,108.617398315651,43.6480318001276,39.6296957815691,22.184887508009,25.3009974719181
MYD03.A2021001.1750.061.2021002162028.hdf,2021-01-01 17:50,61,99280,N,131.206147426471,25.5986893821327,4.5829511776454,105.574989335154,108.4710179128,131.211663864991,126.49404742765,105.555704000479,25.6283591610039,22.3227248552468,4.55903229877591,7.50785831042554
MYD03.A2021001.1755.061.2021002162027.hdf,2021-01-01 17:55,61,99280,N,126.351268765206,7.67924146216299,-13.2760712397452,101.568088457224,105.485271072182,126.390133030021,122.77490529937,101.561782645549,7.71023600052151,4.65095940645205,-13.3161062623951,-10.1904230746414
MYD03.A2021001.1800.061.2021002162047.hdf,2021-01-01 18:00,61,99280,N,122.786224274622,-10.1190086771778,-31.1836378618902,96.0392780443159,101.553985656462,122.994256197662,120.065576057276,96.0319076350722,-10.0964862123284,-13.2236920429152,-31.3594461939627,-27.6937499382233
MYD03.A2021001.1805.061.2021002162034.hdf,2021-01-01 18:05,61,99280,N,120.094112866249,-27.6191391842673,-49.0491681269794,87.4550494802552,96.0599094992295,120.501644314124,118.308593645202,87.3670656323195,-27.6044183123458,-31.125777515274,-49.3464873875873,-44.5547125344486
MYD03.A2021001.1810.061.2021002162109.hdf,2021-01-01 18:10,61,99280,N,118.617254986619,-44.5116479472114,-66.8772738344207,71.2870951971712,87.4990607120324,118.969222994966,118.605409054854,71.0161968308085,-44.5027152667361,-48.9705027741557,-67.2012096614516,-59.8465732117467
MYD03.A2021001.1815.061.2021002162602.hdf,2021-01-01 18:15,61,99280,B,136.36669013584,-59.8924572776714,-84.7153053974265,34.5821862771193,71.3834356305992,119.476223254176,138.114057166584,34.3471442402004,-59.8891162426592,-66.6990004335149,-84.5098092171885,-69.9443783597268
MYD03.A2021001.1820.061.2021002163036.hdf,2021-01-01 18:20,61,99280,D,180,-67.1684527604456,-89.9888282544421,-180,34.8050055843342,139.299446893229,-85.124162233973,-15.6041955462,-70.2311045180157,-83.8477952527057,-76.7545699427947,-66.8605497950331
MYD03.A2021001.1825.061.2021002162534.hdf,2021-01-01 18:25,61,99280,D,-15.9823441180993,-54.0054783825165,-77.4984625101193,-85.6870815655377,-15.980409605366,-86.9487715453039,-81.0392636823877,-41.6830224030694,-67.2126236264946,-77.2177360175593,-59.1558291775623,-53.7770972565256
MYD03.A2021001.1830.061.2021002162236.hdf,2021-01-01 18:30,61,99280,D,-42.3009689957378,-37.8249352807737,-59.6605108121406,-81.9593266836967,-42.2996988384198,-81.4670539077752,-81.9662557571348,-53.9647159954139,-54.0738377873725,-59.6491329338943,-41.4239975689368,-37.6795615981339
MYD03.A2021001.1835.061.2021002162224.hdf,2021-01-01 18:35,61,99280,D,-54.4826713988635,-20.5477028854939,-41.8314917396029,-84.1425473176161,-54.4791030912205,-82.101127320174,-84.1656448978239,-61.1880209630126,-37.8988693363482,-41.8517759468685,-23.5596186817177,-20.4636211922041
MYD03.A2021001.1840.061.2021002162225.hdf,2021-01-01 18:40,61,99280,D,-61.5778231704759,-2.89973109100379,-23.8525917116958,-87.1635588059699,-61.5727827766716,-84.1752914723642,-87.1815885588651,-66.1465467350597,-20.6220539369692,-23.875182746024,-5.79368944178329,-2.86392931395298
MYD03.A2021001.1845.061.2021002162219.hdf,2021-01-01 18:45,61,99280,D,-66.3747128899553,14.9650297869576,-5.95114605090055,-91.1820864947803,-66.3680871432048,-87.1583753515515,-91.2104844470778,-69.9015666112186,-2.97169611682739,-5.97046965610702,11.9186679064435,15.0242106248128
MYD03.A2021001.1850.061.2021002162240.hdf,2021-01-01 18:50,61,99281,D,-69.9487405832341,32.9037372777968,11.8508439530941,-96.8121590674399,-69.8218582545173,-91.1670585887011,-96.9119037858024,-72.7092182604983,14.9019354937314,11.8339020968382,29.4261226674669,33.0894209688913
MYD03.A2021001.1855.061.2021002162307.hdf,2021-01-01 18:55,61,99281,D,-72.6794102787472,50.8309994308669,29.380029360428,-105.735863120421,-72.3729904939881,-96.7917442967333,-105.970164650879,-74.5604013563188,32.8438547858496,29.3668282587123,46.2881107509833,51.1322474158836
MYD03.A2021001.1900.061.2021002162115.hdf,2021-01-01 19:00,61,99281,B,-74.2431513039917,68.7411293665669,46.2940381945947,-123.179361333187,-73.9524816249699,-105.691020412666,-123.562066348819,-74.2529403382143,50.7532487179545,46.2865200985131,61.4615405523444,69.0672350977155
MYD03.A2021001.1905.061.2021002162223.hdf,2021-01-01 19:05,61,99281,N,-47.1264832193018,86.6698560297096,61.5639238166152,-163.530589323901,-73.2361477552679,-123.085517117691,-163.687317994106,-43.6162813682173,68.5705178441524,61.5616667124687,70.6773894176982,86.2624117389059
MYD03.A2021001.1910.061.2021002162335.hdf,2021-01-01 19:10,61,99281,N,180,89.995461627414,66.2182719690166,-180,-43.9889736733026,-163.303843701021,147.26293903019,84.8657591368514,85.6176420743356,70.98823043902,65.8943556785324,74.8103574863725
MYD03.A2021001.1915.061.2021002162054.hdf,2021-01-01 19:15,61,99281,N,146.74924307129,75.4496639110413,52.2732604682423,84.5023189210713,83.3300449720074,146.751129627477,123.517510172609,87.1040040675688,75.2769955609012,66.261073094667,52.0780086248031,57.0571719086484
MYD03.A2021001.1920.061.2021002162001.hdf,2021-01-01 19:20,61,99281,N,122.95845310402,57.5327367120478,35.776637688565,85.7568139849064,86.6338736941118,122.96298681504,112.243700085571,85.7450946392807,57.5393642351448,52.3399697295841,35.664113525664,39.2349322604906
MYD03.A2021001.1925.061.2021002162005.hdf,2021-01-01 19:25,61,99281,N,111.824046819615,39.6205298548979,18.3353705328246,83.2969125590563,85.4871068066492,111.835443694319,105.505705027071,83.2726381431016,39.6458049568803,35.8447693184011,18.2779826940199,21.31821076563
MYD03.A2021001.1930.061.2021002161956.hdf,2021-01-01 19:30,61,99281,N,105.246971570053,21.5904268947286,0.603318993560009,80.0502449005778,83.1506639492984,105.247936338208,100.841890715066,80.0339545047505,21.6219229834559,18.4040236803511,0.588475171535312,3.54600657566146
MYD03.A2021001.1935.061.2021002162038.hdf,2021-01-01 19:35,61,99281,N,100.747624144571,3.68848712547037,-17.2752481938409,75.7745440601559,79.9764316406974,100.828900676877,97.3858908407858,75.7679680014652,3.71862020701829,0.66577447936037,-17.3461580370207,-14.1318497547374
MYD03.A2021001.1940.061.2021002162006.hdf,2021-01-01 19:40,61,99281,N,97.4025561816921,-14.0603779459644,-35.1791918776349,69.7526735792624,75.7803237641924,97.657804947256,94.8744187427344,69.744976515629,-14.0418515963534,-17.2239240963157,-35.3838368872573,-31.5339886575314
MYD03.A2021001.1945.061.2021002162137.hdf,2021-01-01 19:45,61,99281,N,94.9059777193881,-31.4595289021174,-53.0260079148904,60.0557981700428,69.7761374223809,95.3451190129066,93.3911681390053,59.935776380945,-31.4466723861614,-35.11686686297,-53.3465353697539,-48.1602798656651
MYD03.A2021001.1950.061.2021002162335.hdf,2021-01-01 19:50,61,99281,B,94.5463281912433,-48.130368362922,-70.8580415662042,40.8148910013912,60.1079809880881,94.0172085986417,94.5709353336616,40.5005708473694,-48.1226053440466,-52.9410916009919,-71.1599115650768,-62.7908381530068
MYD03.A2021001.1955.061.2021002163939.hdf,2021-01-01 19:55,61,99281,D,148.39703918432,-62.8737773592659,-88.6945414758487,-2.15343782942173,40.9440001005815,95.6999772128684,156.320254124207,-2.20172236877988,-62.8674909398383,-70.6269316117639,-87.2151474494122,-70.588657562392
MYD03.A2021001.2000.061.2021002163941.hdf,2021-01-01 20:00,61,99281,D,180,-64.7408097972555,-89.9915306495937,-180,-1.90904836110984,150.0871679439,-107.794237292811,-48.1671190451161,-70.9055059980893,-86.6272504666414,-72.8572476975124,-64.4338377163375
MYD03.A2021001.2005.061.2021002163412.hdf,2021-01-01 20:05,61,99281,D,-48.6854210363919,-50.5463399472875,-73.5196332180114,-108.111790845873,-48.6836303738308,-108.970065184731,-105.789247804851,-69.8727092544656,-64.7940561249089,-73.3451709427132,-55.2061350136309,-50.3346139369385
MYD03.A2021001.2010.061.2021002163232.hdf,2021-01-01 20:10,61,99281,D,-70.4904085756495,-34.0493978237948,-55.6838020356101,-107.081691899393,-70.4892499898106,-106.116682693563,-107.094296640882,-80.5899441499586,-50.6162095060522,-55.6912359849813,-37.4608659106149,-33.9214720592411
MYD03.A2021001.2015.061.2021002163129.hdf,2021-01-01 20:15,61,99281,D,-81.0721947282873,-16.6384126468452,-37.8455761902178,-109.463216542946,-81.0681697605421,-107.192771654986,-109.48681086781,-87.1556687827942,-34.1235824627452,-37.8670799136936,-19.5925179465839,-16.5671805862163
MYD03.A2021001.2020.061.2021002163126.hdf,2021-01-01 20:20,61,99281,D,-87.5073193039265,1.07273698617207,-19.8568989253059,-112.678449496108,-87.5017302612187,-109.479638057167,-112.692804029149,-91.782221438379,-16.712890979637,-19.8781932146219,-1.83932899945553,1.10128517454581
MYD03.A2021001.2025.061.2021002163229.hdf,2021-01-01 20:25,61,99281,D,-91.9792209770525,18.9649395616794,-1.96544753677944,-116.981492368544,-91.9726250488264,-112.672103160999,-117.022955961864,-95.3460129676303,1.00076202758131,-1.98429788858025,15.8592551408738,19.0505607784405
MYD03.A2021001.2030.061.2021002163316.hdf,2021-01-01 20:30,61,99282,D,-95.3489151316461,36.9076127838809,15.7948789324063,-123.140412246856,-95.1877334552672,-116.964712552914,-123.260308227786,-97.9415373729527,18.9032090718923,15.7785141131436,33.2660086115303,37.1210224904845
MYD03.A2021001.2035.061.2021002163306.hdf,2021-01-01 20:35,61,99282,D,-97.9083103302462,54.8251145385443,33.2271315821787,-133.307261495718,-97.5439017175735,-123.116275426613,-133.556815902676,-99.4974599200945,36.8462344193352,33.2141559931133,49.8893149271877,55.1474859287691
MYD03.A2021001.2040.061.2021002163325.hdf,2021-01-01 20:40,61,99282,B,-98.0530535758668,72.7433315679092,49.9058218083656,-154.244588252103,-98.820742449456,-133.251771908682,-154.665943900738,-98.0165570948751,54.7410095884626,49.8983620525497,64.3118450302456,73.0410079880663
MYD03.A2021001.2045.061.2021002163826.hdf,2021-01-01 20:45,61,99282,N,180,89.9935720245276,64.458974428271,-180,-96.8458572975342,-154.124587700965,159.234052301725,6.38023149823573,72.5193247284641,64.4573037701763,70.9310836060034,87.3558943094937
MYD03.A2021001.2050.061.2021002163525.hdf,2021-01-01 20:50,61,99282,N,159.404090165067,89.376734067227,63.528221325177,-4.69377956668411,-6.50053119266702,159.405842016087,115.347076831824,61.4400385530061,87.1638031767279,71.2843466174889,63.2422790505968,70.8620064024296
MYD03.A2021001.2055.061.2021002163059.hdf,2021-01-01 20:55,61,99282,N,114.788527318966,71.4470727304111,48.7208199842881,61.2198735588843,60.33004367033,114.790246952731,95.6425031704875,62.2179049855411,71.3422442972454,63.579640346718,48.5358687822585,53.0822001774009
MYD03.A2021001.2100.061.2021002163321.hdf,2021-01-01 21:00,61,99282,N,95.0786967609253,53.5366375869363,31.9747061050495,60.5736289915763,61.8386324783108,95.0798175454604,85.7446277561114,60.5575972462472,53.5530225156602,48.7885216923218,31.8587680744703,35.2531571823682
MYD03.A2021001.2105.061.2021002163107.hdf,2021-01-01 21:05,61,99282,N,85.292403698669,35.6149601603961,14.3962557095138,57.9184083586735,60.3206917000183,85.2969588588694,79.532661473962,57.8940271347369,35.6497216885422,32.0417233224439,14.3677334304483,17.3366257308628
MYD03.A2021001.2110.061.2021002163134.hdf,2021-01-01 21:10,61,99282,N,79.3962784086145,17.5871998971705,-3.38063586975994,54.4791841393807,57.7935320213685,79.3982492821425,75.2604415310494,54.4669918061783,17.6186198629918,14.4675384975744,-3.38939939661355,-0.403533460846195
MYD03.A2021001.2115.061.2021002163301.hdf,2021-01-01 21:15,61,99282,N,75.2017160021843,-0.291584513060985,-21.2725562979576,49.8992530018545,54.4199195967427,75.3192399481913,72.0340598131768,49.8924603833011,-0.263110361417997,-3.32172222995151,-21.3740738638826,-18.0536056267278
MYD03.A2021001.2120.061.2021002163233.hdf,2021-01-01 21:20,61,99282,N,72.0556528201993,-17.9822364320214,-39.1688127994375,43.2957927973127,49.9161245034746,72.3499077701917,69.7156546885881,43.2769604206275,-17.9662297921157,-21.2204990533853,-39.4015095298648,-35.3341138133524
MYD03.A2021001.2125.061.2021002163112.hdf,2021-01-01 21:25,61,99282,N,69.7495670701324,-35.2629857474077,-57.0019040455876,32.2281841019539,43.3232148496763,70.2352557813086,68.5813388096196,32.0688399720589,-35.2511146295485,-39.1022056268454,-57.3370713383736,-51.6757786227113
MYD03.A2021001.2130.061.2021002163331.hdf,2021-01-01 21:30,61,99282,B,71.4077528198313,-51.6631125088844,-74.8373891020291,9.09682356065672,32.2902789856402,69.3073743181604,71.5168394024857,8.754512754601,-51.6566492114422,-56.9018686515739,-75.0879387545777,-65.4313086505346
MYD03.A2021001.2135.061.2021002164051.hdf,2021-01-01 21:35,61,99282,D,180,-65.5582072548445,-89.9909044042146,-180,9.25071470681567,72.7674826839091,-161.92547815503,-39.0304764598571,-65.5548059177232,-74.526364980157,-85.8850417815611,-70.424087567481
MYD03.A2021001.2140.061.2021002163654.hdf,2021-01-01 21:40,61,99282,D,-38.9649105645589,-61.9496156428243,-87.3761544197713,-167.51621659938,-38.9630508302357,-171.101280787068,-131.384343772371,-79.3911681459933,-70.7792988905058,-85.9846637667204,-68.9361855846176,-61.6641144477114
MYD03.A2021001.2145.061.2021002163431.hdf,2021-01-01 21:45,61,99282,D,-79.9726859350676,-46.9799724884339,-69.5404145437302,-131.582266956609,-79.9710583875163,-132.225205942937,-130.660210199704,-97.5675986561645,-62.0093730457368,-69.4347750008228,-51.2529687411519,-46.7905024015453
MYD03.A2021001.2150.061.2021002163133.hdf,2021-01-01 21:50,61,99282,D,-98.1573255487255,-30.2342157693335,-51.7093165747675,-132.252972843757,-98.1551342702046,-130.912017848862,-132.270107911496,-107.008727803771,-47.0509898170731,-51.7241757341523,-33.4963584032571,-30.1186449693313
MYD03.A2021001.2155.061.2021002163218.hdf,2021-01-01 21:55,61,99282,D,-107.470340728421,-12.7105149613384,-33.855615641277,-134.824431320701,-107.465909733698,-132.338863127983,-134.847534214184,-113.034893442014,-30.3085739394323,-33.8778323021223,-15.6256440492688,-12.6501866618249
MYD03.A2021001.2200.061.2021002163152.hdf,2021-01-01 22:00,61,99282,D,-113.352936816419,5.05521002295468,-15.8603438390517,-138.246236332072,-113.347081644675,-134.825901611659,-138.256054970243,-117.373700670494,-12.78494747952,-15.8806162602731,2.11026824578147,5.07651829870615
MYD03.A2021001.2205.061.2021002163249.hdf,2021-01-01 22:05,61,99283,D,-117.533747627319,22.9689119263044,2.01517924511683,-142.869677153584,-117.506376393136,-138.238598849334,-142.925814567329,-120.73297018807,4.98588271154202,1.9968124590337,19.7845405785228,23.0827855613704
MYD03.A2021001.2210.061.2021002163246.hdf,2021-01-01 22:10,61,99283,D,-120.709925582854,40.9111695196504,19.7244282625648,-149.654740102823,-120.523117068505,-142.850842598632,-149.796932360883,-123.14009639078,22.9070720873764,19.7089643517385,37.0704289544123,41.1511943495204
MYD03.A2021001.2215.061.2021002163343.hdf,2021-01-01 22:15,61,99283,D,-123.10001564684,58.8227705470254,37.0399600743987,-161.346344843705,-122.684134624905,-149.626332826089,-161.633919083972,-124.347014931224,40.8474384629798,37.0271007446057,53.394407929503,59.1576125160025
MYD03.A2021001.2220.061.2021002163233.hdf,2021-01-01 22:20,61,99283,B,-120.97968362791,76.7465415045942,53.4308723464007,173.287965480591,-123.565816347055,-161.279137700111,172.854523476364,-120.837737701267,58.7249423918924,53.4236746581542,66.8188544127854,76.9920132295145
MYD03.A2021001.2225.061.2021002163801.hdf,2021-01-01 22:25,61,99283,N,180,89.9945067964001,67.0159770673094,-180,-119.474932081066,173.43026466236,122.350482589691,20.8802206867439,76.4428006029126,67.0152440027199,70.3565963683382,84.3527405325623
MYD03.A2021001.2230.061.2021002163256.hdf,2021-01-01 22:30,61,99283,N,122.279550826531,85.3733339270439,60.5328315811279,18.177482275743,14.982094773773,122.281542215224,84.7228545252813,37.374832287821,84.6500912963872,70.7255349455126,60.2793086491405,66.9016305050112
MYD03.A2021001.2235.061.2021002163153.hdf,2021-01-01 22:35,61,99283,N,84.1512307803629,67.4449538723601,45.0630043743137,37.2237564851497,36.5180849687672,84.1527824605431,68.2023159822407,37.232558664728,67.3861894109907,60.5901234722898,44.9083203576602,49.1032128265608
MYD03.A2021001.2240.061.2021002163135.hdf,2021-01-01 22:40,61,99283,N,67.7027951083641,49.5410182822082,28.0958325908853,35.3158199204384,36.8858150121366,67.7058673468097,59.4682402481551,35.2949679655773,49.5582349348676,45.1324327999004,28.0042996745208,31.2738005101194
MYD03.A2021001.2245.061.2021002163151.hdf,2021-01-01 22:45,61,99283,N,59.1017700148482,31.6103089781547,10.4453114612239,32.5132912653672,35.1198995271154,59.1083385691473,53.8010854489184,32.490444777263,31.6398759677339,28.1623790291,10.4119244268905,13.3696702343202
MYD03.A2021001.2250.061.2021002163121.hdf,2021-01-01 22:50,61,99283,N,53.6248091667152,13.5859084031391,-7.36965083521932,28.875312345988,32.4174716294147,53.6311405618124,49.7268870357613,28.8668454793674,13.615049395972,10.5164117499259,-7.37363626796209,-4.34588048979813
MYD03.A2021001.2255.061.2021002163105.hdf,2021-01-01 22:55,61,99283,N,49.7002170333265,-4.26616888068907,-25.2702097003422,23.9485610714272,28.8290580724149,49.8569431625095,46.7191492767684,23.9415342595619,-4.24138666421447,-7.31366177476512,-25.4037997232977,-21.9609192902626
MYD03.A2021001.2300.061.2021002163125.hdf,2021-01-01 23:00,61,99283,N,46.7459156418092,-21.8899965241625,-43.1556668253683,16.6334497633792,23.9672147975493,47.0790354709436,44.605342615087,16.6134277820825,-21.8767308009977,-25.2165518971731,-43.417476045559,-39.0971281528573
MYD03.A2021001.2305.061.2021002163258.hdf,2021-01-01 23:05,61,99283,N,44.6423321075767,-39.0270500676469,-60.982201162149,3.85425338362942,16.6658460830048,45.1766379646183,43.9165730220776,3.65083062446605,-39.0162471380307,-43.0841966515073,-61.3210729800514,-55.0805875734481
MYD03.A2021001.2310.061.2021002163520.hdf,2021-01-01 23:10,61,99283,B,49.4416082483797,-55.0899761929351,-78.8192417305918,-24.1137742845705,3.92907756413498,44.6419091755458,49.7454665612216,-24.4519201648079,-55.0846984073257,-60.8601192438967,-78.9874852994458,-67.6653009792409
MYD03.A2021001.2315.061.2021002164424.hdf,2021-01-01 23:15,61,99283,D,180,-67.8444664599441,-89.9885233672092,-180,-23.9188988264508,51.4985142333016,-167.612961016861,-75.2242129209674,-67.8405466687646,-78.379123419488,-82.4074312416377,-69.4718266699866
MYD03.A2021001.2320.061.2021002163724.hdf,2021-01-01 23:20,61,99283,D,-75.3905197527566,-58.8881888777561,-83.3943002047521,-169.327466594905,-75.3881918609747,-171.545080948407,-155.511307011428,-109.4909038081,-69.8475544307454,-82.7764344495882,-64.9963529997165,-58.6260160605122
MYD03.A2021001.2325.061.2021002163328.hdf,2021-01-01 23:25,61,99283,D,-110.099783496023,-43.3345214023118,-65.5577807508096,-155.639469203238,-110.098312839639,-156.135053566022,-155.624181032088,-124.870926988144,-58.9525363695163,-65.5004283012512,-47.292743132458,-43.1634376026816
MYD03.A2021001.2330.061.2021002163213.hdf,2021-01-01 23:30,61,99283,D,-125.436393363103,-26.3821530263111,-47.7299856223225,-157.470955201653,-125.433587056464,-155.818727667293,-157.491449357652,-133.278198956983,-43.4061043827136,-47.747482986006,-29.5257682710395,-26.2804695321739
MYD03.A2021001.2335.061.2021002163240.hdf,2021-01-01 23:35,61,99283,D,-133.708635493637,-8.85119259777386,-29.858807167179,-160.210949516233,-133.70383392431,-157.5288386539,-160.2326502757,-138.812715570885,-26.4566301181693,-29.8809967556794,-11.7466079284219,-8.80089714197954
MYD03.A2021001.2340.061.2021002163221.hdf,2021-01-01 23:40,61,99283,D,-139.099788349215,9.04863409267348,-11.949211563369,-163.873968010114,-139.093697989974,-160.20644161694,-163.882056024988,-142.923979559181,-8.92322688703444,-11.9686000158015,6.06292263209356,9.0716629714271
MYD03.A2021001.2345.061.2021002163222.hdf,2021-01-01 23:45,61,99284,D,-143.041171781123,26.9778479576499,5.9912552732169,-168.863889710873,-142.973367930325,-163.865062527873,-168.935391959431,-146.06099723695,8.98370622633514,5.97335652406994,23.6931508106381,27.1212033201535
MYD03.A2021001.2350.061.2021002163238.hdf,2021-01-01 23:50,61,99284,D,-146.033572048446,44.9172219735216,23.6377801475825,-176.398949606741,-145.782030893865,-168.842948203418,-176.566320728847,-148.2404348428,26.9175197624508,23.6231444832205,40.8326747787135,45.1824649174021
MYD03.A2021001.2355.061.2021002163133.hdf,2021-01-01 23:55,61,99284,D,-148.202580206228,62.8254161872471,40.8122394894634,169.989978925538,-147.755230599445,-176.367092731586,169.659511881991,-149.018408789769,44.8489953395018,40.8021079805974,56.7752412829547,63.1662710804632
